33,201
34,551
34,550
35,147
35,146
33,200
33,199
33,198
33,197
33,196
33,195
33,194
33,193
33,192
33,191
33,190
33,189
33,188
34,549
34,548
34,547
34,546
35,145
35,144
34,545
34,544
34,51
35,143
34,543
34,542
35,142
35,141
34,541
34,540
34,55
34,539
34,538
35,140
34,54
34,53
34,537
34,536
34,535
34,534
34,52
34,533
34,532
34,531
35,139
34,530
34,529
34,528
35,138
34,527
34,526
34,525
35,137
34,524
34,523
34,522
35,136
34,48
35,135
35,134
34,521
34,520
34,519
34,518
34,517
34,516
35,133
34,515
34,514
34,513
35,132
34,447
34,446
34,445
34,43
34,444
34,443
34,442
34,441
35,131
34,440
34,439
34,438
35,130
34,41
34,437
34,436
34,435
35,129
34,434
34,433
34,432
34,50
35,128
34,431
34,430
34,429
35,127
34,428
34,427
34,426
35,126
34,425
34,424
34,423
35,125
34,422
34,421
34,420
35,124
34,419
34,418
34,417
35,123
33,187
33,186
33,185
33,184
34,416
34,415
34,414
35,122
34,413
34,412
34,411
35,121
34,410
34,409
34,408
35,120
34,407
34,406
34,405
35,119
35,118
35,117
34,404
34,403
34,402
34,401
34,400
34,399
34,398
35,116
34,397
34,396
34,395
34,394
34,393
34,392
34,391
34,390
34,389
34,388
34,387
34,386
34,385
35,115
35,114
34,587
34,586
34,384
35,113
35,112
34,49
35,111
34,511
34,510
34,509
34,45
35,110
34,508
34,507
34,506
33,183
33,182
35,109
34,505
34,504
34,503
35,108
34,502
34,501
34,500
35,107
34,499
34,498
34,497
35,106
34,496
34,495
34,494
35,105
34,493
34,492
34,491
0,467
35,104
34,490
34,489
34,488
33,181
33,180
35,103
34,487
34,486
34,485
0,313
0,304
0,575
35,102
34,484
34,483
34,482
0,568
35,101
0,564
0,561
0,560
0,559
35,100
34,481
34,480
34,479
34,478
34,477
34,476
33,179
33,178
33,177
33,176
33,175
33,174
34,475
35,99
34,474
34,473
33,173
33,172
33,171
0,446
0,444
34,472
0,443
0,441
0,440
0,438
0,434
0,433
0,432
33,170
35,98
34,585
34,584
34,583
34,582
34,581
34,580
34,579
34,578
34,577
34,576
35,97
34,471
34,470
34,469
0,428
0,427
34,512
35,96
34,468
34,467
34,466
35,95
34,465
34,464
0,425
34,463
35,94
34,462
34,461
0,423
34,460
34,459
34,458
34,457
35,93
34,456
34,455
34,454
34,453
34,452
34,448
35,92
34,191
34,190
0,422
0,417
0,415
0,414
0,413
0,411
0,410
0,407
0,404
0,402
0,401
33,169
0,400
33,168
33,167
33,166
33,165
33,164
33,163
33,162
33,161
33,160
33,159
33,158
33,157
33,156
33,155
33,154
33,106
0,399
33,153
38,35
11,5
11,16
11,2
11,3
9,4
9,6
9,2
9,3
8,7
8,4
8,10
8,2
8,3
0,318
